1  1.06921e+06
10.4711  1.28562
1869.7  0.0739176
6.95104  0.159462
0  0
1.81492  0.0511701
0.8379  0
2.54338  0
11.6083  2.2185
1869.94  0
7.54733  0.15613
0  0
2.65148  0.0688814
0.0956189  0
3.35332  0
74.86  0
1880.18  0
12.3985  1.14076
0  0
0.333378  0.0600239
18.9664  0
2.66635  0
8.1338  0
1870.3  0
5.86362  0
0  0
1.70965  0
0.942616  0
1.77077  0
1.88219e-08  5.36677e-07
1.31834e-07  1.2895e-10
1  0
0  0
1  0
1  0
1  0
8.41655  0
1870.29  0
5.10284  0
0  0
1.8813  0
0.759595  0
1.99163  0
5925.43  2.52797
1115.52  2.54812
0.660003  0.211266
5416.79  2.55445
909.895  2.55375
5523.13  2.55248
989.758  2.55015
5325  2.54534
1576.86  2.55211
0.665522  0.0385657
5926.81  2.55117
-379.953  2.54998
5246.27  2.55221
846.995  2.54946
5686.8  2.55449
1341.71  2.55489
0.999  0
10529  2.55518
146.807  2.55518
4206.34  2.55494
1242.27  2.55515
5944.83  0
1092.15  0
0.999  0
5183.81  0
640.576  0
5704.53  0
1100  0
5234.49  0.0100457
3487.89  0.0194859
0.544245  2.67624e-05
5661.14  0.0168852
463.529  0.00955563
4611.75  0.0381443
693.161  0.0170411
5944.83  0
1092.15  0
0.999  0
5183.81  0
640.576  0
5704.53  0
1100  0
0.351729  0.000100008
0.352048  0.000100008
0.0675375  0.000100007
9.22716e-07  0.00074433
0.228665  0.000100007
2.10717e-05  0.000100008
0  0
0  0
0  0
0  0
0  0
0  0
