0  8.53952
10.4711  0
1870.19  0
6.25795  0
0.28702  0
2.16843  0
0.8379  0
2.54338  0
11.6083  0
1869.94  0
6.26219  0
0.272385  0
2.90336  0
0.0956189  0
3.35332  0
84704.7  0
1879.84  0
12.7774  0
0.0654224  0
0.299767  0
91.7721  0
6.5903  0
8.1338  0
1870.3  0
5.86362  0
0.568717  0
1.70965  0
0.942616  0
1.77077  0
-0.00102346  8.29033e-07
1.32508e-07  2.62613e-10
1  0
1  0
1  0
1  0
1  0
8.41655  0
1870.29  0
5.10284  0
0.600137  0
1.8813  0
0.759595  0
1.99163  0
0  0
0  0
0  0
0  0
-0.270922  0.0122692
0  0
