1  1.06078e+06
8.76823  1.39971
1869.61  0.103616
6.86931  0.285505
0  0
1.73118  0.104008
1.22521  0
2.12646  0
8.10586  3.78727
1870.4  0
7.34116  0.262339
0  0
-0.380357  1.18559
2.24577  0
1.88047  0
104.183  0
1881.37  0
9.74913  1.26662
0  0
0.150603  0.0446704
8.69493  0
1.8627  0
8.66617  0
1870.4  0
5.66482  0
0  0
1.90499  0
0.808728  0
1.9522  0
1.87425e-08  7.27204e-07
1.31833e-07  1.74728e-10
1  0
0  0
1  0
1  0
1  0
8.71697  0
1870.41  0
5.52935  0
0  0
2.27281  0
0.477669  0
2.35198  0
5913.98  56.8337
1101.83  70.8794
0.626666  0.251779
5332.45  340.207
742.179  120.52
5510.39  209.52
1056.81  153.222
5374.53  51.3712
1592.8  260.358
0.638117  0.0606672
6015.92  73.1183
341.438  53.6168
5262.69  131.5
887.928  77.9888
5511.66  1236.71
1549.34  3363.62
0.999  0
-9856.01  627197
3184.78  20535.8
4455.77  490.719
1260.27  7304.25
5944.83  0
1092.15  0
0.999  0
5183.81  0
640.576  0
5704.53  0
1100  0
4647.08  0.0449139
2253.99  0.0273029
0.609796  6.69696e-05
5872.82  0.193011
1606.04  0.107259
5698.65  0.0171013
613.154  0.0208616
5944.83  0
1092.15  0
0.999  0
5183.81  0
640.576  0
5704.53  0
1100  0
0.350668  3.35131e-05
0.32068  3.35131e-05
0.075796  3.35131e-05
-3.56762e-08  2.13167e-05
0.252862  3.35131e-05
1.36623e-06  2.78247e-05
0  0
0  0
0  0
0  0
0  0
0  0
