2  7.28151e+276
8.76823  0
1870.23  0
5.88311  0
0  0
1.75894  0
1.22521  0
2.12646  0
8.10586  0
1870.4  0
5.81046  0
0  0
1.47844  0
2.24577  0
1.88047  0
104.183  0
1881.37  0
12.3602  0
0  0
0.293315  0
8.69493  0
1.8627  0
8.66617  0
1870.4  0
5.66482  0
0  0
1.90499  0
0.808728  0
1.9522  0
1.88518e-08  0
1.31834e-07  0
1  0
0  0
1  0
1  0
1  0
8.71697  0
1870.41  0
5.52935  0
0  0
2.27281  0
0.477669  0
2.35198  0
5944.83  0
1092.15  0
0.999  0
5183.81  0
640.576  0
5704.53  0
1100  0
5160.56  0
1611.07  0
0.999  0
4872.55  0
788.412  0
5204.5  0
806.058  0
5944.83  0
1092.15  0
0.999  0
5183.81  0
640.576  0
5704.53  0
1100  0
5944.83  0
1092.15  0
0.999  0
5183.81  0
640.576  0
5704.53  0
1100  0
4647.08  0
2253.99  0
0.609796  0
5872.82  0
1606.04  0
5698.65  0
613.154  0
5944.83  0
1092.15  0
0.999  0
5183.81  0
640.576  0
5704.53  0
1100  0
0.210526  0
0.157895  0
0.157895  0
0.157895  0
0.157895  0
0.157895  0
-nan  0
-nan  0
-nan  0
-nan  0
-nan  0
-nan  0
